Feature	Gain	Cover	Frequency
ctrx_quarter_normalizado	0.0609504669332104	0.00626232850474658	0.00456988962285157
mcaja_ahorro	0.0534732824955181	0.0051069697008907	0.00746450648372971
ctrx_quarter	0.0396460582831952	0.004719903460175	0.00390190111649508
ctrx_quarter_normalizado_lag1	0.0286564722748311	0.00226940750949759	0.00376406221835802
Visa_status_tend6	0.0216784572842723	0.000761984511741679	0.000371104725753608
mpasivos_margen	0.0200490365734013	0.00414901298629107	0.00504702427024906
mcuentas_saldo	0.0188273422668218	0.0090278596122549	0.00846118774718226
mcaja_ahorro_lag1	0.0176095476617443	0.00320254756532343	0.00554536490197534
ctrx_quarter_lag1	0.0156904225119444	0.00194098956483477	0.0037852682026868
mtarjeta_visa_consumo	0.0152419188164336	0.00492664249419631	0.00436843277172818
ctarjeta_visa_trx	0.0147807765400054	0.00385064246221463	0.00468652253665985
mdescubierto_preacordado	0.0137447096908332	0.000776256122977416	0.000667988506356494
mcuenta_corriente	0.012410147092756	0.0036591181380226	0.00560898285496167
mpayroll	0.0115660035852847	0.00607624805117427	0.00231145229183676
cpayroll_trx	0.0110574746428611	0.00414966160167705	0.000933063310466214
mprestamos_personales	0.0105936688928967	0.00897337361678345	0.00261893906460403
mv_msaldototal	0.0102308797774774	0.00175242842034252	0.00247049717430259
mv_status04_tend6	0.0102257538690308	0.00107655806077096	0.00034989874142483
mdescubierto_preacordado_delta1	0.00996872531220956	0.00426282460454642	0.000774018428000382
mcuenta_corriente_tend6	0.00910305847036116	0.00468179076175087	0.00543933498033145
mv_status04	0.0086315140105296	0.00048993361626112	0.000360501733589219
mprestamos_personales_tend6	0.00860237477302904	0.0058461633925875	0.00238567323698748
mpayroll_sobre_edad	0.00844811842146131	0.00522922775160463	0.00218421638586409
mprestamos_personales_lag1	0.00801275872568147	0.00227946016514482	0.00163286079331587
mpasivos_margen_lag1	0.00771285374023191	0.00263602183003404	0.00468652253665985
mcuentas_saldo_tend6	0.00705093660872245	0.0028089000548214	0.00497280332509834
mdescubierto_preacordado_tend6	0.00625734344828769	0.00317213442054497	0.000721003467178438
foto_mes	0.00606921050254511	0.00525342573463033	0.00608611750235917
ctarjeta_visa_tend6	0.00578078237363939	0.000416187605271653	0.000116632913808277
porcentaje_pay	0.00550659644630738	0.00321067372042488	0.00174949370712415
mactivos_margen	0.0054883172702754	0.00460586767847699	0.00602249954937283
cproductos_tend6	0.00535220074239897	0.00369628251760864	0.0019827595347407
mes	0.00500780483248353	0.00462606165716057	0.00500461230159151
cprestamos_personales_tend6	0.00497145345582851	0.00319420208318235	0.00088004834964427
cliente_edad	0.00489613598018571	0.00587527032470263	0.00898073436323731
ccomisiones_mantenimiento_tend6	0.00461989080377836	0.00463568809519352	0.00178130268361732
mv_msaldopesos	0.00461141024234456	0.00195448696774199	0.00270376300191914
Visa_msaldopesos	0.00426725157922284	0.00213871515571684	0.00346717843775513
Master_fechaalta	0.00409438719610277	0.00408936439925946	0.00678591498520883
cliente_edad_lag1	0.00401204655372593	0.00552685500497837	0.00778259624866137
mpayroll_dif	0.00388794288639736	0.00353839929176942	0.00190853858958998
mcaja_ahorro_dolares_delta1	0.00381083057589143	0.00460065979361848	0.00287341087654936
mdescubierto_preacordado_lag1	0.00380406601949314	0.00027435732235432	0.000392310710082385
mcomisiones_mantenimiento_tend6	0.00377750600596516	0.00586896987336604	0.00353079639074147
mv_status07_tend6	0.00377234348039075	0.00110578651710861	0.000339295749260441
mactivos_margen_lag1	0.00362008670719926	0.00365294105334778	0.00617094143967428
mrentabilidad_annual	0.00355799990410038	0.00303883010204738	0.0048243614347969
ctarjeta_master_tend6	0.00342358247133695	0.000504240771220813	0.000127235905972666
mcaja_ahorro_delta1	0.00323433231275157	0.00524883015375083	0.00410335796761846
Visa_fechaalta_lag1	0.00323234479220325	0.00210831406356184	0.00517426017622173
mcuenta_corriente_lag1	0.00320431752218989	0.00313795225919767	0.00476074348181057
mvr_msaldopesos	0.00313311788803193	0.0013693308705499	0.00205698047989143
variabilidad_ren	0.00312546756370579	0.00193632082376319	0.00476074348181057
Visa_mpagospesos	0.0030527967966909	0.00168868155749359	0.00314908867282347
numero_de_cliente	0.00299330700777949	0.00329741222919746	0.00654204616542788
mrentabilidad_annual_lag1	0.00283533864947213	0.00291148000984308	0.00564079183145484
mactivos_margen_tend6	0.00280652630729854	0.00345019535287458	0.00443205072471451
ctrx_quarter_normalizado_delta1	0.00276782603784249	0.00288372435338472	0.00467591954449546
Master_Fvencimiento	0.00274265131403361	0.00271882511886334	0.00606491151803039
mrentabilidad_annual_tend6	0.00272243743605202	0.00304161671465191	0.00535451104301634
variabilidad_ren_tend6	0.00272107953159083	0.00289446631161813	0.00570440978444117
Master_fechaalta_lag1	0.00272027467721947	0.00382747340474441	0.00607551451019478
Master_status	0.00268247412190059	0.00051957777295562	0.000233265827616553
mcomisiones_otras_tend6	0.00267930807533884	0.002237761849626	0.00454868363852279
mtarjeta_visa_debitos_automaticos_tend6	0.00267634556527031	0.00582703664684224	0.00323391261013858
cproductos	0.00261071206365563	0.00312513817094906	0.00326572158663175
ctrx_quarter_tend6	0.00257873962388993	0.00262069672738608	0.00525908411353684
dif_transf	0.00255718485971312	0.00306013169379628	0.00286280788438497
mrentabilidad_annual_delta1	0.00255486139146152	0.00255409738472926	0.00543933498033145
mcuentas_saldo_delta1	0.00253867792141138	0.0054659362863855	0.00502581828592029
Visa_fechaalta	0.0025370027563688	0.00218174970030518	0.00554536490197534
mv_mpagospesos	0.00251788516035825	0.00126530759467701	0.00202517150339826
ctarjeta_visa_trx_tend6	0.00247623306879975	0.0024696302964846	0.00299004379035764
ccaja_ahorro	0.00247241750025697	0.00353693631823283	0.00134658000487738
variabilidad_ren_lag1	0.002451258752268	0.00227814036449198	0.00577863072959189
mv_fechaalta	0.00240662915642135	0.00237361449191784	0.00558777687063289
chomebanking_trx	0.00239574936123933	0.00308909483888124	0.00405034300679652
tmobile_app	0.00239505390157618	0.000668472812427059	0.00174949370712415
mv_msaldopesos_lag1	0.00239269673654661	0.000860826464588646	0.00167527276197343
cliente_antiguedad_lag1	0.00237928628192818	0.00281982395393122	0.00556657088630412
ctrx_quarter_delta1	0.00233846303287245	0.00330606432393785	0.00452747765419401
mvr_mpagospesos_lag1	0.00233276473267578	0.000997126051936374	0.00202517150339826
mcuentas_saldo_lag1	0.00233275808264783	0.004613914992532	0.00573621876093434
cproductos_delta1	0.00233207378586521	0.00236476755922626	0.000583164569041384
cliente_antiguedad	0.00230709943853092	0.00242724467435545	0.00533330505868756
mtransferencias_recibidas	0.00230611745873277	0.00146524441973802	0.00333994253178247
ren_prom_mes_lag1	0.00226026626284858	0.0016804903028718	0.00432602080307063
mv_fechaalta_tend6	0.00225926882293226	0.00189064330006388	0.00289461686087814
mpayroll_lag1	0.00225075602966279	0.00159166461749677	0.00159044882465832
mcomisiones	0.00224156711546115	0.00238679568618796	0.00409275497545407
chomebanking_trx_tend6	0.00222611394117576	0.00214544742875377	0.00460169859934474
mv_Fvencimiento_lag1	0.00219985051147604	0.00184528505573377	0.00507883324674223
Visa_Fvencimiento_lag1	0.00216741907097003	0.00161481417581821	0.0051106422232354
Visa_fechaalta_tend6	0.00216309349536499	0.00424603215256865	0.00326572158663175
Master_Fvencimiento_lag1	0.00213076267656162	0.00202980273697652	0.00514245119972856
mv_status01	0.00211966154568482	0.000539055580147215	0.00034989874142483
Visa_cconsumos_tend6	0.00205864627781404	0.00163563197372614	0.00390190111649508
mtarjeta_visa_consumo_tend6	0.00204261095884315	0.00169990669542157	0.00213120142504215
mv_fechaalta_lag1	0.00202964617221831	0.0023653744894241	0.00499400930942712
mv_Fvencimiento	0.0020238480920389	0.00174672630115392	0.00461230159150912
mcomisiones_otras	0.00201792433591504	0.00200105500374777	0.00406094599896091
mrentabilidad	0.00201349335116312	0.00178976184373019	0.00356260536723463
Visa_Fvencimiento	0.002010914517944	0.00159375916385623	0.00460169859934474
mcomisiones_tend6	0.00198913349686756	0.00213232127735638	0.0037852682026868
tcallcenter_tend6	0.00198082387924243	0.00592136155278293	0.00167527276197343
mv_mpagominimo	0.00195358319678226	0.00330556149155791	0.00342476646909758
mcuenta_corriente_delta1	0.00195176500200109	0.00387752165496584	0.00342476646909758
mcomisiones_lag1	0.00193177438312098	0.00137497111448686	0.00435782977956379
mv_status06_tend6	0.00192428150241642	0.000604229412198966	0.000201456851123387
chomebanking_trx_delta1	0.00192053067562575	0.00412616067483606	0.00335054552394686
mrentabilidad_tend6	0.00187642746043566	0.00182276123584423	0.00417757891276918
ren_prom_mes_delta1	0.00187238690284474	0.00179514898257453	0.0043472267873994
mprestamos_personales_delta1	0.00186973253592729	0.00555593314898014	0.00134658000487738
Visa_mpagominimo	0.0018608946460724	0.00252763918934776	0.00384888615567313
thomebanking	0.00185165548485581	0.00175758594519473	0.00125115307539788
mactivos_margen_delta1	0.00184814009386663	0.00193848023933808	0.00367923828104291
cprestamos_personales	0.00184579518217156	0.00260484537802599	0.000827033388822326
ren_prom_mes_tend6	0.00181813397006087	0.00177869338990717	0.00364742930454974
Visa_msaldototal	0.00179757105171466	0.001287900352502	0.00247049717430259
ctrx_quarter_normalizado_tend6	0.00179370854917811	0.00168257471581536	0.00389129812433069
variabilidad_ren_delta1	0.00179231706086894	0.00158731530933098	0.00458049261501596
Visa_mconsumospesos_tend6	0.0017874049275199	0.00185749835524872	0.00414576993627602
mcomisiones_otras_lag1	0.00177303952002552	0.00130885886670801	0.00410335796761846
mcomisiones_mantenimiento	0.00175976937820002	0.0037959886512344	0.00254471811945331
cpayroll_trx_lag1	0.00175885222809599	0.00054784808411248	0.000466531655233107
mpasivos_margen_tend6	0.00171695665664669	0.00571811056334411	0.00396551906948141
Master_mfinanciacion_limite_lag1	0.00170458501030478	0.00364894626120193	0.00383828316350874
Visa_mpagospesos_tend6	0.00166824782351143	0.00160455624173069	0.0035944143437278
ctarjeta_visa_debitos_automaticos_tend6	0.0016409920953012	0.00180661647803281	0.00190853858958998
Visa_mfinanciacion_limite	0.00163590520753053	0.00190256073454184	0.0033081335552893
mpasivos_margen_delta1	0.00161262450492402	0.00127414900005083	0.0032127066258098
Visa_mlimitecompra	0.00158951951517174	0.00195555182086295	0.00345657544559075
ren_prom_mes	0.00158780248702243	0.00185732032955573	0.00301124977468642
Visa_Finiciomora	0.00158613940419286	0.00287351125198572	0.000519546616055051
ccomisiones_mantenimiento_delta1	0.0015635462452792	0.00168480537237476	0.000572561576876995
num_nas_tend6	0.00155994434613205	0.00161696023370851	0.00385948914783752
Master_mfinanciacion_limite	0.00155612805707678	0.00194337744287725	0.00360501733589219
ctransferencias_recibidas_tend6	0.00154964441240231	0.00428834607310347	0.00360501733589219
mrentabilidad_delta1	0.00154598711457547	0.00157762914555885	0.00362622332022097
ccomisiones_otras	0.00154507743871089	0.0036670877625557	0.00283099890789181
Master_mlimitecompra	0.00154322338512796	0.00130347733194974	0.00338235450044002
Visa_mpagominimo_lag1	0.001541930111282	0.00165372718379364	0.00308547071983714
mcaja_ahorro_dolares_tend6	0.00153826474078763	0.00188649213088629	0.00229024630750798
mcaja_ahorro_tend6	0.00153820895906056	0.0020016278488194	0.00357320835939902
chomebanking_trx_lag1	0.00153467107196752	0.0022466668191541	0.00395491607731702
dif_transf_tend6	0.0015218777338248	0.00212842590016199	0.00355200237507024
mv_cconsumos_tend6	0.0015050911653749	0.001837878296393	0.00252351213512453
ccomisiones_otras_tend6	0.00150374504425301	0.00185573137923509	0.00336114851611125
mrentabilidad_lag1	0.00149110296644721	0.00115806596126756	0.00381707717917996
Visa_mlimitecompra_lag1	0.00147226547692784	0.00150999335405292	0.00308547071983714
Master_mlimitecompra_lag1	0.00147174362692206	0.00142301417665268	0.00335054552394686
Visa_mpagospesos_lag1	0.00146139074420902	0.00189516963593473	0.00353079639074147
Visa_mpagominimo_tend6	0.00142332851175728	0.00133114739175106	0.00291582284520692
Visa_mfinanciacion_limite_lag1	0.0014214375153139	0.00132660439715862	0.00319150064148103
mcaja_ahorro_dolares	0.00140500581239191	0.00254486906711194	0.00304305875117958
Master_fultimo_cierre_tend6	0.00139422045300287	0.00422094503906591	0.00320210363364542
Visa_Fvencimiento_tend6	0.0013858821323871	0.00151429844367659	0.00269316000975475
mvr_msaldototal_tend6	0.00138375898178935	0.00294114259093013	0.00266135103326159
mvr_msaldototal	0.00137649691319856	0.00166199919866943	0.00201456851123387
mtransferencias_emitidas_tend6	0.00137558921967126	0.00233444277476372	0.00286280788438497
mv_mpagominimo_tend6	0.00136252081530137	0.00194812134011677	0.00253411512728892
mcomisiones_otras_delta1	0.0013509813603093	0.00267048028050124	0.00345657544559075
mpayroll_sobre_edad_lag1	0.00134884408876184	0.00227999163210151	0.00144200693435688
Visa_cconsumos_lag1	0.0013405886275896	0.00211172695197639	0.00292642583737131
Visa_fultimo_cierre	0.00132071116055945	0.00191834913389406	0.00299004379035764
ccaja_seguridad	0.00131144617516372	0.00298072317606219	0.000625576537698939
mtransferencias_recibidas_lag1	0.00130768195730655	0.00239300117513463	0.00322330961797419
tcallcenter	0.00129540850574355	0.000503794210006439	0.000498340631726273
mcuenta_debitos_automaticos	0.0012939457293269	0.00420305810140251	0.00195095055824754
cmobile_app_trx_tend6	0.00129099792490927	0.00312029700827055	0.00315969166498786
mvr_mpagominimo_tend6	0.00128774956026093	0.00244274987544055	0.00254471811945331
ccallcenter_trx	0.00128430056207351	0.00338119508156388	0.00112391716942521
ccallcenter_trx_tend6	0.00128046976965036	0.00360338020507754	0.00190853858958998
dif_transf_lag1	0.00126442259780457	0.00271741864679723	0.00275677796274109
Visa_cconsumos	0.0012575830066378	0.00111664646822263	0.00287341087654936
mvr_Visa_mlimitecompra	0.00124402425201129	0.0012154145699628	0.00267195402542598
Visa_mconsumospesos	0.0012251415008624	0.00101948858162282	0.00318089764931664
porcentaje_dolares_tend6	0.0012152962894131	0.00231673209712236	0.00257652709594648
mcomisiones_mantenimiento_lag1	0.00120704163965366	0.00363100266853144	0.00235386426049431
mvr_msaldopesos2_tend6	0.00120521835451349	0.00147121898963142	0.00268255701759036
ccomisiones_mantenimiento	0.00119808322034225	0.0050244560588659	0.00131477102838421
porcentaje_dolares	0.00119506137330885	0.00426712938709688	0.00296883780602886
mtransferencias_recibidas_tend6	0.00119065919054983	0.00201811115484388	0.00280979292356303
mv_fultimo_cierre	0.0011657758113793	0.00156829626951383	0.00295823481386447
Master_fechaalta_tend6	0.00116085394734545	0.00130016002007153	0.00259773308027525
mcomisiones_delta1	0.00115808552664096	0.00227854961631145	0.00291582284520692
mv_status06_delta1	0.00115369285824002	0.000443509597590424	0.000137838898137054
Visa_msaldototal_tend6	0.00114987031162914	0.00167348719126442	0.00269316000975475
mvr_mpagominimo	0.00114213800144352	0.00291980553222556	0.00283099890789181
Visa_fultimo_cierre_tend6	0.00114123638661413	0.00118611141806704	0.00249170315863137
mvr_Master_mlimitecompra	0.00113873629773326	0.00180247098970958	0.00262954205676842
mv_mpagospesos_tend6	0.00112684822066151	0.00128908388941829	0.00249170315863137
porcentaje_dolares_lag1	0.00111797886133024	0.00249360910600729	0.00241748221348064
mv_msaldopesos_tend6	0.00111134072832388	0.00098917592655205	0.00167527276197343
Visa_mconsumototal_tend6	0.00110897011759399	0.00108521629697554	0.0026507480410972
Master_Fvencimiento_tend6	0.00110603660227935	0.00101004892086932	0.00232205528400115
mv_fultimo_cierre_lag1	0.00110125095161414	0.00107677692720077	0.00258713008811087
cmobile_app_trx_lag1	0.00110032991674548	0.00247357442155094	0.00280979292356303
Master_fultimo_cierre_lag1	0.00109857677977913	0.00118338460796998	0.0026507480410972
mvr_Master_mlimitecompra_lag1	0.00108231712175973	0.00170402017136274	0.00237507024482309
ctarjeta_debito_trx	0.00108020754013359	0.00114576906107142	0.00183431764443926
mtransferencias_emitidas	0.00107739661147801	0.00403688704641722	0.00301124977468642
ccaja_ahorro_tend6	0.00107008514410606	0.00211952538319541	0.000339295749260441
Visa_mpagospesos_delta1	0.00106799930118915	0.00131338558642038	0.00295823481386447
Visa_mconsumototal	0.00105305439206473	0.000830390135782898	0.00218421638586409
tmobile_app_delta1	0.00103449098221234	0.000467179414696431	0.00165406677764465
mcaja_ahorro_dolares_lag1	0.00103135745235569	0.00126996274775909	0.00243868819780942
mv_mfinanciacion_limite	0.00102411574536563	0.000902891502287467	0.00233265827616553
internet	0.00100761631723782	0.000648821201799098	0.00136778598920615
Visa_msaldopesos_tend6	0.0010016210126961	0.000998368009530692	0.0024598941821382
cprestamos_personales_delta1	0.00100132495461245	0.000212728496965347	8.48239373151103e-05
mv_status01_tend6	0.000997249115682554	0.000347532100406506	0.000360501733589219
mv_status07_delta1	0.000996502126982229	0.000270505012177506	0.000169647874630221
mvr_mpagominimo_lag1	0.000996467473564998	0.00157364011103568	0.00249170315863137
Visa_mconsumosdolares_tend6	0.000994604906321295	0.000983928582786168	0.00237507024482309
mv_Finiciomora	0.00099026492119865	0.00220278053025194	0.000466531655233107
Visa_msaldototal_lag1	0.000989905303903016	0.00108369382800468	0.00223723134668603
ccomisiones_otras_lag1	0.00098978469633248	0.00312102415762977	0.0026507480410972
Visa_mconsumospesos_lag1	0.000984931007275446	0.00127098983087532	0.00229024630750798
mvr_msaldopesos_tend6	0.000979512401357479	0.00202334713690103	0.00218421638586409
thomebanking_tend6	0.000969298132445295	0.00289319142042213	0.00166466976980904
Visa_msaldopesos_lag1	0.00096656274887706	0.00114917219991158	0.00220542237019287
cproductos_lag1	0.000966068325790433	0.00199475040692286	0.00212059843287776
mpagomiscuentas	0.000966068177616101	0.00288244700560305	0.0017070817384666
mv_Fvencimiento_tend6	0.000944986695862249	0.00117299624453688	0.0022690403231792
mvr_Visa_mlimitecompra_lag1	0.000939538502773762	0.00110758312568691	0.00222662835452165
mvr_mpagospesos_tend6	0.000936034812967161	0.00135017518315468	0.00205698047989143
mv_mfinanciacion_limite_lag1	0.000931340627729686	0.000741870679165677	0.00225843733101481
mpayroll_tend6	0.000930530759009474	0.00207653643897863	0.00147381591085004
mtarjeta_visa_debitos_automaticos	0.000927960588791324	0.00103492845288269	0.00206758347205581
mv_mconsumospesos_tend6	0.000926978825555618	0.00140866096071162	0.00167527276197343
mv_mlimitecompra_lag1	0.000924819008859549	0.000764393040457475	0.00214180441720654
Master_mpagospesos_tend6	0.000913791110009215	0.00466438224414728	0.00192974457391876
ccaja_ahorro_lag1	0.000911664629908092	0.00113478336347826	0.000816430396657937
porcentaje_dolares_delta1	0.000910196830334502	0.00118256625786765	0.00206758347205581
Master_fultimo_cierre	0.000909678035001701	0.000886620844460307	0.00231145229183676
ctarjeta_visa_trx_lag1	0.000905826702638739	0.0031279049005633	0.00261893906460403
mvr_msaldopesos2	0.000903640891767968	0.00124233038119419	0.0026507480410972
mautoservicio	0.000901265520092949	0.00244587027662341	0.00230084929967237
mv_fultimo_cierre_tend6	0.000894579503839611	0.0010698411413945	0.00209939244854898
Visa_fultimo_cierre_lag1	0.000893708729679875	0.000962215205863818	0.00222662835452165
mtarjeta_visa_debitos_automaticos_lag1	0.000892853206315344	0.00344835736618134	0.0021736133936997
internet_tend6	0.00088689796953743	0.00295323574805201	0.00139959496569932
mvr_msaldopesos_lag1	0.000884965288908072	0.00270387034650559	0.00181311166011048
mv_mlimitecompra	0.000882331496452011	0.000866213066054867	0.00210999544071337
Visa_mconsumospesos_delta1	0.000878919572145849	0.000916103787720014	0.00234326126832992
mtarjeta_visa_consumo_lag1	0.000877892829581813	0.0010874355150579	0.00214180441720654
mv_msaldototal_tend6	0.000870247063101768	0.0019191946599754	0.00186612662093243
cprestamos_personales_lag1	0.000869704910262045	0.000820110322729222	0.000572561576876995
mv_mpagominimo_delta1	0.000865869102464918	0.00168593908666287	0.00167527276197343
ccallcenter_trx_delta1	0.0008591322986608	0.000841257610190544	0.000572561576876995
mcuenta_debitos_automaticos_tend6	0.000851745260075902	0.00305119785938652	0.00136778598920615
mautoservicio_tend6	0.000843730321147489	0.00276801095397693	0.00212059843287776
cmobile_app_trx	0.000839926911748291	0.00106639247895108	0.00204637748772704
Visa_msaldototal_delta1	0.000839195681747267	0.00133997705157463	0.00206758347205581
mv_Finiciomora_lag1	0.000833141923171058	0.00213118579739733	0.00053014960821944
ctransferencias_emitidas_tend6	0.00083071041555521	0.00189067991854407	0.0017070817384666
ccaja_ahorro_delta1	0.000816058158928974	0.00496225899450344	0.000498340631726273
Visa_mconsumosdolares_lag1	0.000810129683866152	0.000966494885179435	0.00195095055824754
mv_status06	0.000805548434295248	0.000145569897226397	0.000116632913808277
mv_mpagominimo_lag1	0.000804377529090759	0.00233574768236591	0.00239627622915187
Master_msaldopesos_tend6	0.00080214223648075	0.00171365643573839	0.00164346378548026
ccajas_otras_delta1	0.000801805457746332	0.0015411844688067	0.000275677796274109
mpayroll_dif_tend6	0.00079375099643211	0.00238975464363112	0.00148441890301443
Master_msaldototal_tend6	0.00079358432458336	0.00336401686886715	0.00155863984816515
dif_transf_delta1	0.000790507358965044	0.00162742037550424	0.00212059843287776
Visa_delinquency_tend6	0.000788137848185184	0.00201805196648282	0.000678591498520883
mvr_msaldototal_lag1	0.000786186084144948	0.0011152427598154	0.00169647874630221
Master_mpagominimo_tend6	0.000780604717341643	0.00122508376794012	0.00147381591085004
mpayroll_sobre_edad_tend6	0.000770349385208694	0.00162711921345439	0.00153743386383637
Visa_mconsumototal_lag1	0.000761612571646225	0.0007603738359915	0.0018873326052612
mv_mpagospesos_lag1	0.000755280036188521	0.00128874595535164	0.00196155355041193
mv_cconsumos_lag1	0.000750823648955934	0.00174003417793909	0.00163286079331587
mvr_mconsumospesos_tend6	0.000750175459723137	0.000928601590563223	0.00176009669928854
mvr_msaldopesos2_lag1	0.000748644250074677	0.000915012833376285	0.00237507024482309
mvr_mpagospesos_delta1	0.000746213765227184	0.00106020142244525	0.00179190567578171
Visa_mpagado_tend6	0.000740257776038339	0.00370847723919444	0.00133597701271299
Visa_status	0.000739803422951128	0.000367289344218408	0.000159044882465832
Visa_mpagominimo_delta1	0.000739498477952823	0.000875502414472502	0.00160105181682271
mtransferencias_emitidas_lag1	0.000731595184711966	0.00095500474307198	0.00205698047989143
ctransferencias_recibidas	0.000727845104374782	0.0017262113541985	0.00179190567578171
ctarjeta_debito_trx_tend6	0.00072680030961056	0.00120057011365543	0.00179190567578171
Visa_msaldopesos_delta1	0.000721822188190212	0.000968856738767443	0.00171768473063098
mvr_mpagospesos	0.000720007462645279	0.00109890270344298	0.00195095055824754
mv_mconsumospesos	0.000711012877663781	0.000643801168976272	0.00165406677764465
mautoservicio_lag1	0.000708422982993802	0.000834922075739814	0.00219481937802848
ccajas_trx_tend6	0.000697402927799778	0.00165124388275142	0.00141019795786371
cextraccion_autoservicio_tend6	0.000696503532753714	0.00301856795311136	0.0017070817384666
mv_Finiciomora_tend6	0.000695319627273027	0.00169041291301495	0.000540752600383828
cplazo_fijo	0.000693583994188051	0.00248436090539968	0.000392310710082385
mv_mconsumototal_tend6	0.000692080479942385	0.000834187172782069	0.00130416803621982
ccajas_consultas_tend6	0.000691689378038977	0.00352369862249223	0.00147381591085004
mtransferencias_recibidas_delta1	0.000688384666117092	0.00184106164758372	0.0018873326052612
mpagomiscuentas_tend6	0.000681009053256127	0.00274699616860535	0.00137838898137054
Visa_cconsumos_delta1	0.000680581238017101	0.00140120361105965	0.00148441890301443
mcuenta_debitos_automaticos_lag1	0.000673334397322428	0.00162374801022798	0.00162225780115149
cliente_vip_delta1	0.000667150530349968	0.000577153308752405	0.000519546616055051
mvr_mpagominimo_delta1	0.00066513683940599	0.00164519753449539	0.00152683087167199
ctransferencias_recibidas_lag1	0.000662964622201605	0.00115619918646097	0.00172828772279537
tpaquete7_tend6	0.000659900843662918	0.00256107024962553	0.000275677796274109
mpayroll_sobre_edad_delta1	0.000651634003907339	0.00265021866894335	0.00135718299704177
mv_cconsumos	0.000650380011392465	0.00137049022545096	0.00181311166011048
Visa_mconsumototal_delta1	0.000647199700769776	0.000798660875230117	0.00169647874630221
mvr_mconsumospesos_lag1	0.000637139966507238	0.0010870217339086	0.00159044882465832
Master_mconsumospesos_tend6	0.000636564427812992	0.000841918431736587	0.0015162278795076
mv_status07	0.000636188673582199	0.000348839771667578	0.000233265827616553
mvr_msaldopesos2_delta1	0.000636160882336743	0.000794423725553964	0.00179190567578171
mpayroll_dif_delta1	0.000631328513669213	0.0027656516337429	0.00127235905972666
mtarjeta_visa_consumo_delta1	0.000625870266844525	0.000941138622008897	0.00187672961309682
mextraccion_autoservicio_tend6	0.000621940703534043	0.000886046233717726	0.00135718299704177
mtransferencias_emitidas_delta1	0.000618219197261143	0.00166770239261426	0.00139959496569932
num_nas	0.00061451053376242	0.000943474527910734	0.00135718299704177
mvr_mconsumosdolares_tend6	0.000609439624613668	0.0012775726360277	0.00127235905972666
cplazo_fijo_tend6	0.000602485100096291	0.00218214666919628	0.000487737639561884
mv_msaldototal_lag1	0.000600750873705994	0.00087888021977291	0.00131477102838421
cliente_edad_tend6	0.000597246231983969	0.000591661750200681	0.00139959496569932
mcomisiones_mantenimiento_delta1	0.000594578904429634	0.00299360842852702	0.000816430396657937
ctarjeta_debito_trx_lag1	0.000588579235591089	0.0030495991594915	0.00222662835452165
internet_delta1	0.000588157924735358	0.000348019732662602	0.00096487228695938
Master_msaldopesos	0.000580653654846693	0.00141968481215102	0.00124055008323349
ctarjeta_debito	0.000580423481519895	0.000680412202639469	0.00117693213024716
mvr_mconsumospesos_delta1	0.000577373729764054	0.00149640835851279	0.00152683087167199
ctransferencias_emitidas_lag1	0.000569957810954354	0.00227032665638081	0.00149502189517882
ctarjeta_debito_lag1	0.000564170785283123	0.0009632002967187	0.00126175606756227
mv_mconsumospesos_lag1	0.000557838097269011	0.000576795875536979	0.00143140394219249
Master_mlimitecompra_tend6	0.000553264349364024	0.00404029302568457	0.00102849023994571
Master_msaldototal_lag1	0.000553216617373146	0.000971258435104336	0.00114512315375399
Visa_mconsumosdolares	0.000548815333051369	0.000754122823441584	0.00145260992652126
ccuenta_debitos_automaticos_tend6	0.000543122846633422	0.00145827401142741	0.000901254333973047
mpayroll_dif_lag1	0.000540421116184676	0.00122099616291682	0.00146321291868565
mforex_sell_tend6	0.000538679143138209	0.00483592270449908	0.00128296205189104
mv_mconsumototal	0.000533186160408268	0.00071188851163623	0.00129356504405543
Master_mpagominimo_lag1	0.000525014428753202	0.00107033307267552	0.0010390932321101
mv_mpagospesos_delta1	0.000525004929425165	0.000599939292394238	0.00133597701271299
num_nas_lag1	0.000522008353452237	0.000820114544985847	0.00127235905972666
ctransferencias_emitidas	0.000520786688748124	0.00189238478900115	0.00131477102838421
mvr_mconsumospesos	0.000513566174151609	0.000606048744194747	0.0015162278795076
Master_cconsumos_tend6	0.000512127400631608	0.00117558609998266	0.00125115307539788
ccuenta_debitos_automaticos	0.000501518799233334	0.00126092120742122	0.000763415435835993
mtarjeta_visa_debitos_automaticos_delta1	0.000501497068432887	0.00171898277408732	0.00112391716942521
mvr_mconsumototal_tend6	0.000501074307206618	0.000552002093717262	0.00121934409890471
mvr_mconsumototal	0.00050088949541628	0.000615615072647015	0.00130416803621982
mv_mconsumosdolares_tend6	0.000498462693366991	0.000897224005603196	0.00117693213024716
Master_msaldototal	0.000492894039545271	0.000933166771195027	0.00131477102838421
cliente_vip	0.000484031669400247	0.000804047937306153	0.00043472267873994
mplazo_fijo_dolares_delta1	0.000482597499340815	0.00496383128610248	0.000583164569041384
mautoservicio_delta1	0.000480367419625035	0.00247156385971417	0.00141019795786371
ccaja_seguridad_lag1	0.000477393252094726	0.00116124132855485	0.000328692757096053
matm_tend6	0.000474336922984901	0.00146583162048217	0.00119813811457593
mpagomiscuentas_lag1	0.000474011234993405	0.00157479677904616	0.00114512315375399
Master_mpagospesos_lag1	0.000465419849004683	0.00161140220862329	0.00128296205189104
internet_lag1	0.000463382384547612	0.000416351428828723	0.00106029921643888
thomebanking_lag1	0.000448513921707845	0.00033731892223921	0.000678591498520883
cmobile_app_trx_delta1	0.000441701354248991	0.000747934684131235	0.00111331417726082
tmobile_app_tend6	0.000440787581034443	0.00283720851982449	0.000890651341808658
mvr_msaldopesos_delta1	0.000438516015144754	0.000861308876600186	0.00126175606756227
ctarjeta_visa_debitos_automaticos_lag1	0.000431182051151702	0.0013764827591271	0.00100728425561694
mplazo_fijo_dolares_tend6	0.000423228413650774	0.0016417429608927	0.000455928663068718
ccajas_otras_tend6	0.000419697228214645	0.00331747025121771	0.000667988506356494
ctarjeta_debito_tend6	0.000418344926269712	0.0051750485222691	0.000678591498520883
cpagomiscuentas_tend6	0.000417502649113151	0.00125954229517563	0.00104969622427449
Master_status_tend6	0.000415883601136806	0.000348258175009489	0.000307486772767275
mvr_msaldototal_delta1	0.000414512995101583	0.000970357942918568	0.0012299470910691
cpagomiscuentas	0.0004111459162173	0.00105036448572743	0.000784621420164771
mpayroll_delta1	0.000409782011039512	0.00220314026651644	0.00102849023994571
tmobile_app_lag1	0.00040758146929824	0.000340082964962874	0.0010390932321101
tpaquete9	0.00040561690290751	0.00176006778763921	0.000286280788438497
mv_status02	0.000405170795195005	0.000655672849546069	0.000360501733589219
Visa_fultimo_cierre_delta1	0.000405127158241536	0.000200911321890171	0.000848239373151103
Master_mconsumototal_tend6	0.000403192265943233	0.000512621643549242	0.0010390932321101
mvr_mconsumototal_lag1	0.000401842374053843	0.000572343160468019	0.0010390932321101
ctarjeta_visa_debitos_automaticos	0.000400938415207305	0.000759418915079415	0.00102849023994571
ctarjeta_master_trx_tend6	0.000399398414041677	0.00149318524134148	0.000858842365315492
Master_mfinanciacion_limite_tend6	0.000399069736773366	0.00114763314898743	0.000752812443671604
mforex_buy_tend6	0.000398619691085924	0.00812066355772187	0.000869445357479881
Visa_mconsumosdolares_delta1	0.00039523181424708	0.000445420437402526	0.000954269294794991
porcentaje_pay_lag1	0.000394717948681016	0.00101953057388417	0.00119813811457593
mextraccion_autoservicio_lag1	0.000393543179745701	0.0010460573233596	0.00128296205189104
tpaquete7	0.000390597905254537	0.000782626510237381	0.000159044882465832
ccomisiones_otras_delta1	0.000389612689242039	0.000458658363448035	0.000901254333973047
mplazo_fijo_dolares	0.000387611536955767	0.00272116885513201	0.000519546616055051
porcentaje_pay_tend6	0.000387273581373013	0.00157480054069297	0.00116632913808277
cpayroll_trx_tend6	0.000386843501598478	0.0014836286624636	0.00108150520076766
mv_cconsumos_delta1	0.000384329890622366	0.00173454938981425	0.000752812443671604
mv_status02_tend6	0.000384102665973168	0.000726716309222	0.000445325670904329
mv_mconsumototal_lag1	0.000381400559369748	0.000361753581940853	0.000858842365315492
mv_msaldototal_delta1	0.000380530420456038	0.00077469365772107	0.0011345201615896
mv_Finiciomora_delta1	0.000379532418483841	0.00122073407593283	0.000159044882465832
ccuenta_debitos_automaticos_lag1	0.000379045994261752	0.00246160670383499	0.000901254333973047
Master_msaldopesos_lag1	0.000375908152854732	0.000763150391948436	0.000858842365315492
mv_msaldopesos_delta1	0.000373875497853528	0.000749708799596973	0.000954269294794991
Master_fultimo_cierre_delta1	0.000373662746537277	0.000268831693492665	0.00102849023994571
Master_mpagospesos	0.000372627048646671	0.00089195063738284	0.000996681263452546
num_nas_delta1	0.000370283505807159	0.000354816874914953	0.000827033388822326
ctarjeta_visa_trx_delta1	0.000367993247434831	0.00104970573692555	0.000954269294794991
mvr_Visa_mlimitecompra_tend6	0.000366773417077484	0.00114316492672141	0.000805827404493548
mvr_mpagado_tend6	0.000364520827653602	0.00144027330314003	0.000731606459342827
ctarjeta_debito_trx_delta1	0.000355996177134814	0.00113781878215049	0.000954269294794991
catm_trx_tend6	0.000354506297707459	0.00149662139055163	0.000933063310466214
mextraccion_autoservicio_delta1	0.000352044753087437	0.00094759806049951	0.000943666302630602
mvr_Master_mlimitecompra_tend6	0.000349865491021809	0.000860924190637451	0.000848239373151103
mv_mpagado_tend6	0.00034763460469599	0.00216553753992436	0.000742209451507215
mvr_mconsumototal_delta1	0.000343298672945099	0.000907814807049417	0.00088004834964427
mv_mconsumospesos_delta1	0.000341526089852799	0.000617332763410575	0.000784621420164771
matm_lag1	0.000340076221552886	0.000864186766716134	0.000986078271288158
mv_status05	0.00033648927187116	0.000223277997064941	0.000201456851123387
mv_mconsumosdolares_lag1	0.00033167376920245	0.000602109992909564	0.000816430396657937
mv_mfinanciacion_limite_tend6	0.000327824661625321	0.000756107591128783	0.000498340631726273
ctransferencias_emitidas_delta1	0.00032678566384432	0.000728989188347663	0.000646782522027716
Visa_Finiciomora_tend6	0.000326035799078978	0.00197509710739225	0.000371104725753608
mvr_mconsumosdolares_lag1	0.000322516399980356	0.000445399940265816	0.000858842365315492
Master_mpagominimo	0.000319516197757447	0.000857309862197712	0.000922460318301825
Master_delinquency	0.000318918147743134	0.00013695396035638	9.54269294794991e-05
ccomisiones_mantenimiento_lag1	0.000318607902363099	0.000459885965369827	0.00061497354553455
ccajas_otras	0.000318097127657233	0.00136480461144735	0.000212059843287776
cextraccion_autoservicio_lag1	0.00031010423601233	0.000855953366296389	0.000890651341808658
mtarjeta_master_consumo	0.000293879872100455	0.000683935560641004	0.000667988506356494
Master_mconsumospesos	0.000291848613070058	0.000569994818101212	0.000827033388822326
Visa_Finiciomora_lag1	0.000290321873443363	0.00195160900085774	0.000328692757096053
Visa_Fvencimiento_delta1	0.000288408556079298	0.0001300280008928	0.000508943623890662
ccajas_extracciones_tend6	0.00028808663819606	0.0013497286219403	0.000667988506356494
mprestamos_prendarios	0.000288014833954653	0.00534662398896674	0.000540752600383828
mv_status05_delta1	0.000287544125836443	0.000890955336343754	0.000201456851123387
mv_status05_tend6	0.000287075826820069	0.00248909889147992	0.000508943623890662
Visa_fechaalta_delta1	0.000284808132266277	0.000100980717748543	0.000275677796274109
mv_fultimo_cierre_delta1	0.000283920746450045	0.000168480706127741	0.000678591498520883
Visa_delinquency	0.000282715972105992	0.000144350970122763	0.000116632913808277
Master_mconsumototal_lag1	0.000280345167311504	0.000682687768655712	0.00069979748284966
Master_mconsumospesos_delta1	0.000279484284535025	0.00083683068927115	0.000689194490685271
mvr_mconsumosdolares	0.000277873652424295	0.000514453949388109	0.000721003467178438
Master_msaldopesos_delta1	0.000277105873502534	0.000985300432347947	0.000752812443671604
porcentaje_pay_delta1	0.000272580930415292	0.00091097244085888	0.00135718299704177
mextraccion_autoservicio	0.000270868966220908	0.000585703148114156	0.00069979748284966
ccajas_consultas	0.000267048917553104	0.00269186217189434	0.000392310710082385
Master_mconsumototal	0.000266962311487589	0.00053494855274343	0.000604370553370161
cextraccion_autoservicio	0.000264979123234586	0.000595822592184366	0.000657385514192105
mtarjeta_master_consumo_lag1	0.000261595668740279	0.000488837211367929	0.000646782522027716
Master_msaldototal_delta1	0.000260414495018458	0.000840225844207874	0.00061497354553455
mv_mlimitecompra_tend6	0.000256698501989527	0.000372781502100268	0.000392310710082385
Master_mconsumospesos_lag1	0.000254292110860695	0.000689457427855846	0.000678591498520883
Master_mpagospesos_delta1	0.000247999086039647	0.00142262941392165	0.000678591498520883
cforex_tend6	0.000247254204402156	0.000923308953498994	0.000519546616055051
mv_status04_delta1	0.000243812041209653	0.000890902212678575	0.000296883780602886
matm	0.000243328575561912	0.000389442373207927	0.000657385514192105
ctarjeta_master	0.000240235461030669	3.42321375120813e-05	3.18089764931664e-05
minversion1_pesos	0.000235570765348534	0.0035734388782849	0.000339295749260441
cforex_buy_tend6	0.000231662224174108	0.00439297842868666	0.000498340631726273
mv_mconsumototal_delta1	0.000227021563145245	0.000409088379749822	0.000572561576876995
Master_mpagominimo_delta1	0.000226965796316189	0.000792351595538768	0.000646782522027716
Visa_mfinanciacion_limite_tend6	0.000225982322512735	0.00040859345450501	0.000381707717917996
cforex_sell_tend6	0.00022386685331949	0.00202556919541058	0.000625576537698939
Visa_msaldodolares_tend6	0.000223763467371972	0.00104045692217152	0.000540752600383828
Visa_status_delta1	0.000223230067887889	0.000307930787832821	0.000169647874630221
Visa_mlimitecompra_tend6	0.000222191830450677	0.000463903480933151	0.00043472267873994
mvr_msaldodolares2_tend6	0.000215743532857292	0.000637639437961909	0.000477134647397496
ctransferencias_recibidas_delta1	0.000215375359447021	0.000396922983655495	0.00053014960821944
ctarjeta_visa_debitos_automaticos_delta1	0.000214912230175484	0.000596920532443603	0.000318089764931664
Master_mfinanciacion_limite_delta1	0.000213607762669323	0.00153344415119252	0.000551355592548217
catm_trx_other_tend6	0.000213351593601091	0.000756493658920959	0.000593767561205772
matm_delta1	0.000210235433105837	0.000251701768058063	0.000498340631726273
matm_other_tend6	0.000209773683616364	0.00120533435449505	0.000508943623890662
cpagomiscuentas_lag1	0.00020912110428776	0.000300305238830545	0.000593767561205772
mtarjeta_master_consumo_tend6	0.000207497236986076	0.00061770601089627	0.000455928663068718
Master_cconsumos_lag1	0.000206446827385294	0.000365488513383477	0.000477134647397496
mv_mconsumosdolares	0.000201915555865603	0.000601535228630379	0.000561958584712606
tcallcenter_delta1	0.000197953627969657	0.000232633750064049	0.000212059843287776
ccajas_depositos_tend6	0.000197800563388257	0.00121515670523543	0.000455928663068718
Visa_mpagado	0.000191385038598662	0.00058118702242751	0.000381707717917996
Master_mlimitecompra_delta1	0.000191274321016032	0.000325406017091088	0.000360501733589219
mpagomiscuentas_delta1	0.000190276914528646	0.000576505307512842	0.000572561576876995
Master_delinquency_tend6	0.000187960575043227	0.00122063266500551	0.000275677796274109
catm_trx_lag1	0.000187431476219912	0.0012502025099834	0.000413516694411163
ctarjeta_visa_descuentos_tend6	0.00018340432164381	0.00398588686924749	0.000561958584712606
mvr_mconsumosdolares_delta1	0.000182941556419274	0.000825150392078942	0.000519546616055051
mv_mconsumosdolares_delta1	0.000179899056673623	0.000455355176937445	0.00043472267873994
mprestamos_hipotecarios_tend6	0.000169446964806558	0.00406408943372104	0.00043472267873994
mvr_mpagado	0.000169336736034207	0.00121362732711737	0.000455928663068718
Master_mconsumosdolares_tend6	0.000168419544920457	0.000184019071119433	0.000519546616055051
Master_cconsumos	0.000165533624013275	0.000313917487117981	0.000424119686575552
ctarjeta_master_trx	0.00016287274194557	0.00129602666114007	0.000402913702246774
Visa_mpagosdolares_tend6	0.000162136611138776	0.000178570978243084	0.000413516694411163
Visa_mpagosdolares	0.000160601726477904	0.000297512868603339	0.000296883780602886
ccallcenter_trx_lag1	0.000159727408297526	0.000714999009708093	0.000466531655233107
ccheques_depositados_tend6	0.000158904089447105	0.00140586751572818	0.000307486772767275
mtarjeta_master_consumo_delta1	0.000157101843482033	0.00168875302878301	0.000381707717917996
Visa_mfinanciacion_limite_delta1	0.000157050015903169	0.000383540195823579	0.000307486772767275
Visa_mpagado_delta1	0.000156060672584751	0.000482071697656118	0.000339295749260441
catm_trx	0.00015539988249335	0.000817211321330146	0.000392310710082385
matm_other_lag1	0.000155089444147911	0.000266971213686861	0.000328692757096053
mprestamos_prendarios_lag1	0.000154328591955805	0.00128870043174839	0.000169647874630221
mv_mpagado	0.00015408757319183	0.00130352247171149	0.000445325670904329
mplazo_fijo_dolares_lag1	0.000153259086344853	0.00102421267264035	0.000381707717917996
mvr_msaldodolares2_delta1	0.000152710285024178	0.00234715898342692	0.000371104725753608
mttarjeta_master_debitos_automaticos_lag1	0.000151911260893882	0.00100033327806911	0.000424119686575552
mcuenta_debitos_automaticos_delta1	0.000151769642766462	0.00113023138699445	0.000445325670904329
mv_Fvencimiento_delta1	0.000149104595482113	7.82578376511851e-05	0.000222662835452165
mcaja_ahorro_adicional	0.000148431365302117	0.00237653045911172	0.000307486772767275
ccajas_consultas_delta1	0.000146718153176127	0.000590866277052435	0.000212059843287776
mvr_mpagosdolares_tend6	0.000144307059808485	0.00105015836283581	0.000360501733589219
mcheques_depositados_tend6	0.000142639600406807	0.00114342440358313	0.00026507480410972
mprestamos_hipotecarios_lag1	0.000140345672630796	0.00215953180210024	0.000233265827616553
mv_status02_delta1	0.000139449166460621	0.000150990890892041	0.000201456851123387
tcuentas_lag1	0.000139158971395053	0.00369157853988631	0.000413516694411163
ccuenta_debitos_automaticos_delta1	0.00013591158388561	0.00158801512917459	0.000254471811945331
ccajas_extracciones	0.000134810739059847	0.00119457151528342	0.000318089764931664
mv_mfinanciacion_limite_delta1	0.00013465869038984	0.00165320147445961	0.00034989874142483
Visa_mlimitecompra_delta1	0.000132882108832472	0.000261172673510594	0.000296883780602886
mvr_msaldodolares2_lag1	0.000130197305780016	0.00063869377382545	0.000487737639561884
thomebanking_delta1	0.000128223443927935	0.000205159833275062	0.000222662835452165
mv_msaldodolares_tend6	0.000127702440331807	0.000886007619261678	0.000424119686575552
mv_status01_delta1	0.000124485420512048	0.000122372819325843	0.000106029921643888
Visa_mpagosdolares_lag1	0.000123739272654339	0.000300072477338026	0.000360501733589219
Master_mconsumototal_delta1	0.000123297302656268	0.000766051005481859	0.000392310710082385
Master_cconsumos_delta1	0.000120776418680885	0.000164253996940699	0.000254471811945331
mvr_msaldodolares_tend6	0.000118047917030872	0.000327770787874583	0.000318089764931664
Master_mpagosdolares_tend6	0.000116221580536742	0.00118407721159317	0.000455928663068718
Master_Fvencimiento_delta1	0.000114445175004452	0.000119404649686411	0.000307486772767275
Visa_msaldodolares_lag1	0.000114019450461175	0.00032263844302552	0.000307486772767275
minversion2	0.000113724449008582	0.00239766078077824	0.000222662835452165
mvr_msaldodolares_lag1	0.000112454530153205	0.000684117271212505	0.000498340631726273
ccajas_trx_delta1	0.000109520297610894	0.000422156801383893	0.000254471811945331
mttarjeta_master_debitos_automaticos_tend6	0.000107230689554339	0.00166699881112385	0.000360501733589219
ctarjeta_visa	0.000103403518357136	6.24497856135764e-05	8.48239373151103e-05
Visa_Finiciomora_delta1	0.000102267317067128	0.000465054928699079	8.48239373151103e-05
mv_status03_tend6	0.000101546128772524	0.000198702160455402	0.000116632913808277
mcaja_ahorro_adicional_lag1	0.000100698493214412	0.00158399293074482	0.000233265827616553
cseguro_accidentes_personales	0.000100629855485897	0.000222041797093293	0.000222662835452165
mvr_mpagado_lag1	0.000100388616639689	0.000931358724139681	0.000243868819780942
ctarjeta_master_trx_lag1	9.91823066222606e-05	0.0001822585436432	0.000275677796274109
active_quarter_tend6	9.88423101835424e-05	0.00146245197274251	0.00026507480410972
catm_trx_other	9.86567493792671e-05	0.000971454654884969	0.000222662835452165
ccajas_trx_lag1	9.82404593591574e-05	0.00089070322923906	0.000286280788438497
cseguro_accidentes_personales_lag1	9.75936857176241e-05	0.000369736564158554	0.00026507480410972
Master_fechaalta_delta1	9.13094196763326e-05	5.60189816997149e-05	0.000307486772767275
cpagomiscuentas_delta1	9.12609385086105e-05	0.000747453500412532	0.000254471811945331
Master_msaldodolares_tend6	9.10782528946935e-05	0.000772849222490443	0.000212059843287776
tcallcenter_lag1	8.97968028484844e-05	0.000286329185558594	0.00026507480410972
Visa_cadelantosefectivo	8.86104158062365e-05	4.24628510412467e-06	1.06029921643888e-05
Master_mconsumosdolares_lag1	8.62587683006997e-05	0.000195654228549899	0.000169647874630221
mforex_sell_delta1	8.59394754057423e-05	0.000422531507467332	0.000190853858958998
mv_fechaalta_delta1	8.31585227121622e-05	5.8771432409734e-05	0.000233265827616553
mttarjeta_master_debitos_automaticos	8.17769564012552e-05	0.000723970383817675	0.000243868819780942
matm_other	8.16687415982141e-05	0.000544739658784779	0.000243868819780942
mv_mpagosdolares_tend6	7.98300206289762e-05	0.000605765315622722	0.000243868819780942
mv_status03_delta1	7.92595014687453e-05	0.000951654344055487	0.000148441890301443
mv_status03	7.84632495060997e-05	0.00032769532463344	0.000307486772767275
ctarjeta_master_descuentos_tend6	7.83632540207587e-05	0.00219888261970358	0.000243868819780942
Master_mpagado_tend6	7.76556525471378e-05	0.000301313667249321	0.000212059843287776
Visa_delinquency_lag1	7.62256480270138e-05	0.000120486007992356	7.42209451507215e-05
Master_Finiciomora	7.55739145668281e-05	0.000384366529829343	5.3014960821944e-05
mvr_msaldodolares_delta1	7.45793322633767e-05	0.000840305606473945	0.000254471811945331
cextraccion_autoservicio_delta1	7.37150221563205e-05	0.000147977965332379	0.00026507480410972
Visa_msaldodolares	7.17740413150847e-05	0.000248147011820895	0.000190853858958998
mcheques_emitidos_tend6	7.02533428787103e-05	0.00203476841784133	0.000222662835452165
mvr_mpagado_delta1	6.84167988141816e-05	0.000500793106765328	0.000254471811945331
mforex_sell_lag1	6.66384588449855e-05	9.64806366370742e-05	0.000190853858958998
mv_mpagado_lag1	6.64564901563209e-05	0.000285783823539183	0.000137838898137054
cseguro_vida_tend6	6.6060799295576e-05	0.000829347929311118	0.000159044882465832
cpayroll_trx_delta1	6.53160951098892e-05	0.000181653302348009	0.000190853858958998
mv_mpagado_delta1	6.49656613996284e-05	0.00021814204410567	0.000180250866794609
tcuentas_tend6	6.43250693645259e-05	0.000724411110641076	0.000137838898137054
matm_other_delta1	6.41920811949007e-05	0.000347781136779109	0.000190853858958998
mvr_mpagosdolares	6.33922953096167e-05	0.000299549608431183	0.000254471811945331
ctarjeta_master_trx_delta1	6.31178697766166e-05	0.000540402940620567	0.000190853858958998
ctarjeta_debito_delta1	6.22296548098027e-05	0.00179802902220294	0.000180250866794609
Visa_mpagosdolares_delta1	5.98339077338822e-05	7.67188634953376e-05	0.000212059843287776
Visa_msaldodolares_delta1	5.87266759918652e-05	0.000178746931191914	0.000190853858958998
Master_mconsumosdolares	5.69465123603682e-05	5.99555067041317e-05	0.000180250866794609
mv_msaldodolares_lag1	5.66452130539575e-05	0.000321051872522257	0.000212059843287776
mvr_msaldodolares2	5.63565813894795e-05	0.000437198091618309	0.000180250866794609
mv_status04_lag1	5.63494128687871e-05	3.03701545291803e-05	8.48239373151103e-05
Master_mconsumosdolares_delta1	5.52626815409657e-05	5.45317493796056e-05	0.000116632913808277
cseguro_vida_lag1	5.49347717605105e-05	0.00110689681706451	0.000159044882465832
ctarjeta_master_debitos_automaticos_tend6	5.44916445200822e-05	0.000349533296510394	0.000180250866794609
active_quarter	5.34373554979599e-05	3.14071407564057e-05	0.000106029921643888
mprestamos_prendarios_tend6	4.95108294257564e-05	0.000899152502124822	0.000116632913808277
Master_status_lag1	4.94756850464148e-05	0.000716943474036594	0.000106029921643888
Visa_mpagado_lag1	4.87925822211767e-05	0.000236859307726557	0.000148441890301443
minversion2_lag1	4.64903333842502e-05	0.000919742605248181	9.54269294794991e-05
ccajas_extracciones_lag1	4.60605635186296e-05	0.000427944363692933	0.000148441890301443
tpaquete9_tend6	4.56372900154479e-05	9.10995624886169e-05	2.12059843287776e-05
catm_trx_other_lag1	4.50123218420175e-05	9.49729839485579e-05	0.000137838898137054
ccajas_extracciones_delta1	4.44305757942055e-05	0.00033795302841606	0.000116632913808277
ccheques_depositados_delta1	4.32321432002346e-05	0.00110257929097587	0.000127235905972666
catm_trx_delta1	4.3100798387921e-05	0.000127976368014313	0.000190853858958998
cseguro_vida	4.25463078119762e-05	0.000281744889619522	0.000116632913808277
mv_status05_lag1	4.10446266394308e-05	2.33206748672282e-05	6.36179529863327e-05
mvr_msaldodolares	4.10352620096674e-05	0.000318898982253061	0.000169647874630221
Master_mpagado_lag1	4.02816391815809e-05	8.59064939124483e-05	0.000116632913808277
Master_Finiciomora_lag1	3.9804917625175e-05	0.000219995691532571	4.24119686575552e-05
Master_cadelantosefectivo_tend6	3.96687911593074e-05	3.25102244918958e-05	0.000159044882465832
mv_mlimitecompra_delta1	3.90768604976408e-05	0.000264207017426593	0.000116632913808277
Master_msaldodolares	3.83002941180254e-05	0.00119786180471923	0.000127235905972666
tpaquete9_lag1	3.82437465612365e-05	0.000220228836866601	6.36179529863327e-05
ctarjeta_master_debitos_automaticos_lag1	3.80856776805618e-05	0.000145611659182838	8.48239373151103e-05
mttarjeta_master_debitos_automaticos_delta1	3.78460205772471e-05	0.000362407724644598	0.000116632913808277
Master_status_delta1	3.68877648270367e-05	8.07339224729889e-05	0.000106029921643888
Visa_delinquency_delta1	3.67637403701436e-05	5.63879301604823e-05	5.3014960821944e-05
Master_mpagosdolares_lag1	3.63539813981346e-05	2.88037740894183e-05	7.42209451507215e-05
cforex_lag1	3.52508870229521e-05	0.000141263732846492	8.48239373151103e-05
mvr_mpagosdolares_lag1	3.45109238491848e-05	0.000220187151678462	0.000137838898137054
ccheques_emitidos	3.40585778109665e-05	0.000769053260247504	9.54269294794991e-05
cseguro_vivienda	3.40395605744171e-05	6.08970699316205e-05	6.36179529863327e-05
mcaja_ahorro_adicional_delta1	3.33050331549846e-05	0.000745416990889595	9.54269294794991e-05
mprestamos_prendarios_delta1	3.18431504311356e-05	0.00112718360862555	0.000116632913808277
ccajas_depositos_lag1	3.17365728119866e-05	0.000195736524169945	6.36179529863327e-05
Master_madelantopesos_tend6	3.11276745233424e-05	3.88189668051289e-05	0.000169647874630221
mcaja_ahorro_adicional_tend6	3.08391077812879e-05	0.000402650666688755	6.36179529863327e-05
catm_trx_other_delta1	2.8998803151112e-05	5.67316218497988e-05	9.54269294794991e-05
Master_mpagado_delta1	2.88589063246349e-05	5.23700307556466e-05	5.3014960821944e-05
Master_mpagosdolares	2.85426249522408e-05	3.67567399009274e-05	0.000106029921643888
mv_mpagosdolares_lag1	2.84865202636396e-05	0.000106593862474799	0.000116632913808277
cforex_buy_delta1	2.84809516325783e-05	0.00054909549225626	5.3014960821944e-05
active_quarter_lag1	2.77001212677308e-05	1.81386609265881e-05	6.36179529863327e-05
mforex_sell	2.74602675018747e-05	0.000100703277104096	9.54269294794991e-05
mv_status01_lag1	2.63964310825795e-05	0.000158020180490493	4.24119686575552e-05
cplazo_fijo_lag1	2.5336642024579e-05	2.74481226394203e-05	2.12059843287776e-05
minversion1_pesos_lag1	2.48817832964311e-05	0.000282561243745989	3.18089764931664e-05
mv_msaldodolares_delta1	2.4470238674422e-05	0.000148987238202481	0.000127235905972666
ccajas_otras_lag1	2.41251047637199e-05	0.00035681975992149	7.42209451507215e-05
cseguro_auto_lag1	2.39970058039698e-05	0.000741930481673155	7.42209451507215e-05
mcheques_depositados	2.37956504774532e-05	0.000323066886920556	8.48239373151103e-05
mcheques_emitidos	2.36460121098529e-05	0.000386392445326565	4.24119686575552e-05
ccheques_emitidos_tend6	2.32887534930909e-05	0.000707276118498523	7.42209451507215e-05
Master_msaldodolares_lag1	2.30830670223805e-05	0.000235817792169497	6.36179529863327e-05
mcheques_depositados_delta1	2.29387563701087e-05	0.000673574833796721	0.000106029921643888
ccajas_trx	2.18573568165024e-05	9.76443673313672e-05	5.3014960821944e-05
ccajas_consultas_lag1	2.13814439776347e-05	0.000430488541998862	7.42209451507215e-05
Master_cadelantosefectivo_lag1	2.06158627169418e-05	1.85092982900056e-05	6.36179529863327e-05
minversion1_pesos_delta1	1.99301788015014e-05	1.54324247345428e-05	5.3014960821944e-05
mcheques_emitidos_lag1	1.98147891939022e-05	0.000285833108789248	4.24119686575552e-05
Master_mpagosdolares_delta1	1.97764824858796e-05	1.39762835768577e-05	5.3014960821944e-05
Master_msaldodolares_delta1	1.97761066258956e-05	6.59091956193105e-05	6.36179529863327e-05
ctarjeta_master_debitos_automaticos	1.97607044262637e-05	0.00033515075507786	8.48239373151103e-05
ccheques_depositados	1.90836721966706e-05	0.000209014139427734	6.36179529863327e-05
Master_Finiciomora_tend6	1.90654686107677e-05	0.000194365211986282	5.3014960821944e-05
ctarjeta_visa_lag1	1.85120824301338e-05	0.000635264226689304	7.42209451507215e-05
cseguro_vivienda_lag1	1.84583792394626e-05	5.04059905100637e-05	4.24119686575552e-05
mprestamos_hipotecarios	1.82247753722474e-05	0.000116625253302291	1.06029921643888e-05
mvr_Visa_mlimitecompra_delta1	1.76528887423894e-05	0.000447431690154012	7.42209451507215e-05
Visa_status_lag1	1.64593827104575e-05	2.380953541616e-05	5.3014960821944e-05
mv_cadelantosefectivo_tend6	1.62531809198654e-05	8.57964081669759e-05	3.18089764931664e-05
minversion1_pesos_tend6	1.60139825331777e-05	0.000113926310098963	3.18089764931664e-05
Master_madelantodolares_lag1	1.51145895521723e-05	2.54663489160103e-06	1.06029921643888e-05
mtarjeta_visa_descuentos_lag1	1.46600880788945e-05	4.66341335140418e-05	4.24119686575552e-05
cforex_sell_lag1	1.43169677192824e-05	3.49219007080851e-05	3.18089764931664e-05
mv_status06_lag1	1.42667263837074e-05	1.31413515212386e-05	4.24119686575552e-05
mvr_Master_mlimitecompra_delta1	1.41151830770479e-05	0.000138564175496746	5.3014960821944e-05
mv_msaldodolares	1.36834077310935e-05	8.73739967788711e-05	6.36179529863327e-05
ccajas_depositos	1.35632496343624e-05	0.000143488401478323	3.18089764931664e-05
mv_mpagosdolares	1.34490050074428e-05	4.49424672049555e-05	3.18089764931664e-05
cseguro_accidentes_personales_tend6	1.33777707571514e-05	0.000275100669825316	4.24119686575552e-05
Visa_madelantodolares	1.31266616485559e-05	2.03308565665531e-05	5.3014960821944e-05
ccajas_depositos_delta1	1.28966011085814e-05	0.00011723916941564	4.24119686575552e-05
cforex_sell	1.24924927519388e-05	8.06196912391933e-05	7.42209451507215e-05
Master_mpagado	1.19435683075723e-05	0.000116822471070854	5.3014960821944e-05
mtarjeta_visa_descuentos_delta1	1.17473435385708e-05	0.000190496319856176	4.24119686575552e-05
cforex_sell_delta1	1.17201594475732e-05	4.59617199543537e-05	3.18089764931664e-05
cliente_vip_lag1	1.13665942094431e-05	7.04974067417992e-05	2.12059843287776e-05
cinversion2	1.12733477222382e-05	0.000443228395299165	4.24119686575552e-05
mtarjeta_visa_descuentos_tend6	1.12696803204803e-05	0.000171799706908602	5.3014960821944e-05
minversion2_tend6	1.10999908866987e-05	0.000133329268195833	2.12059843287776e-05
mv_mpagosdolares_delta1	1.05697640883974e-05	7.60181224321075e-05	5.3014960821944e-05
cprestamos_hipotecarios_lag1	1.01515469067362e-05	0.000223480972456174	2.12059843287776e-05
mtarjeta_master_descuentos_delta1	9.65206756880546e-06	8.30629959959227e-05	2.12059843287776e-05
mvr_mpagosdolares_delta1	9.09785882358568e-06	0.000142151635030686	6.36179529863327e-05
mcheques_depositados_lag1	9.01518255643828e-06	0.000187352504341123	2.12059843287776e-05
Visa_madelantopesos_lag1	8.93402592046656e-06	1.13914180707202e-05	4.24119686575552e-05
cforex_delta1	8.76790169909349e-06	2.4661586803188e-05	3.18089764931664e-05
Visa_cadelantosefectivo_tend6	7.73153565793575e-06	8.57194863280893e-06	1.06029921643888e-05
ccheques_emitidos_delta1	7.64985171049955e-06	1.5857414055976e-05	1.06029921643888e-05
cforex	7.28942247367739e-06	8.60350040504684e-06	3.18089764931664e-05
Visa_madelantopesos_tend6	7.27955936369768e-06	0.00035533383266252	4.24119686575552e-05
Master_madelantopesos_lag1	6.82591955040939e-06	4.21028077035441e-06	2.12059843287776e-05
cforex_buy	6.30983466225593e-06	9.76814464213694e-05	1.06029921643888e-05
ctarjeta_visa_descuentos_lag1	6.2277157686977e-06	6.43748275616e-06	1.06029921643888e-05
Visa_madelantopesos_delta1	5.94808381858925e-06	3.77945705794778e-06	2.12059843287776e-05
tpaquete7_lag1	5.78738419107027e-06	0.000109137733707518	3.18089764931664e-05
cliente_edad_delta1	5.54528463715012e-06	2.59202798874038e-05	3.18089764931664e-05
cinversion2_lag1	5.47121957366018e-06	1.46512304905211e-06	1.06029921643888e-05
cseguro_auto	5.2708439582879e-06	7.12160348194611e-05	1.06029921643888e-05
Master_delinquency_lag1	5.19637991665538e-06	1.71108868956366e-06	1.06029921643888e-05
ctarjeta_visa_descuentos	5.00543557175013e-06	6.56914039457364e-06	1.06029921643888e-05
ctarjeta_visa_delta1	4.43344345507274e-06	4.71332810154794e-05	1.06029921643888e-05
Visa_madelantodolares_lag1	4.21114069370137e-06	5.40134098025975e-06	1.06029921643888e-05
mprestamos_hipotecarios_delta1	3.89287569615717e-06	1.62541526421694e-06	1.06029921643888e-05
Master_madelantopesos	3.87671075703048e-06	5.80068968873075e-06	3.18089764931664e-05
ccheques_depositados_lag1	3.55783529959837e-06	9.3692488666494e-05	1.06029921643888e-05
cplazo_fijo_delta1	3.45167414302645e-06	1.52170128783395e-06	1.06029921643888e-05
Visa_cadelantosefectivo_lag1	3.28834726212756e-06	8.93421825127772e-06	3.18089764931664e-05
Master_cadelantosefectivo_delta1	3.07018343224797e-06	3.66061972601523e-06	1.06029921643888e-05
mtarjeta_visa_descuentos	2.39774457173599e-06	3.13444978217436e-06	1.06029921643888e-05
cprestamos_prendarios_tend6	2.14397782121803e-06	9.01874782892044e-05	1.06029921643888e-05
Visa_madelantopesos	1.8402578677116e-06	8.30817274616795e-06	4.24119686575552e-05
ctarjeta_visa_descuentos_delta1	1.39409840225448e-06	1.44828776036166e-05	1.06029921643888e-05
mpagodeservicios_tend6	1.11820684836879e-06	4.4052722581507e-06	1.06029921643888e-05
Visa_madelantodolares_tend6	8.38762124363657e-07	6.90876336386924e-06	1.06029921643888e-05
mcajeros_propios_descuentos_tend6	3.83966381809432e-07	1.41183817043817e-05	1.06029921643888e-05
cinversion1_tend6	1.0292461082725e-07	2.23928531658478e-05	1.06029921643888e-05
cinversion1	6.82504691061133e-08	1.28718947802287e-05	1.06029921643888e-05
mv_status07_lag1	1.78033204948237e-09	4.13811856620932e-06	1.06029921643888e-05
Visa_madelantodolares_delta1	2.24529446908633e-11	8.86835104791976e-06	1.06029921643888e-05
Visa_cadelantosefectivo_delta1	7.57950899618842e-12	9.209509383261e-06	1.06029921643888e-05
Master_cadelantosefectivo	1.78599801346131e-15	1.8060510794865e-06	1.06029921643888e-05
Master_madelantodolares_tend6	8.98435574182692e-16	2.62071630330316e-06	1.06029921643888e-05
